,alpha,dtfact,dtheta,t,turn
0,0.0,100.0,0.135296162636,88.4618181818,0
1,0.0,100.0,0.139695122433,176.944242424,1
2,0.0,100.0,0.144094082255,265.426666667,2
3,0.0,100.0,0.148493042096,353.909090909,3
4,0.0,100.0,0.152892001956,442.391515151,4
5,0.0,100.0,0.157290961817,530.873939394,5
6,0.0,100.0,0.161689921669,619.356363636,6
7,0.0,100.0,0.166088881499,707.838787878,7
8,0.0,100.0,0.170487841311,796.321212121,8
9,0.0,100.0,0.1748868011,884.803636363,9
10,0.0,200.0,0.0694983062315,88.4721212121,0
11,0.0,200.0,0.0735480581122,176.954545454,1
12,0.0,200.0,0.0775978100172,265.436969697,2
13,0.0,200.0,0.0816475619125,353.919393939,3
14,0.0,200.0,0.0856973138269,442.401818181,4
15,0.0,200.0,0.0897470657359,530.884242424,5
16,0.0,200.0,0.0937968176476,619.366666666,6
17,0.0,200.0,0.0651222883071,707.854242424,7
18,0.0,200.0,0.0691720402212,796.336666666,8
19,0.0,200.0,0.0732217921411,884.819090908,9
20,0.0,500.0,0.0301313902974,88.4783030303,0
21,0.0,500.0,0.0340833641297,176.960727273,1
22,0.0,500.0,0.0249456294244,265.445212121,2
23,0.0,500.0,0.0288976032553,353.927636363,3
24,0.0,500.0,0.0328495771036,442.410060604,4
25,0.0,500.0,0.0368015509398,530.892484846,5
26,0.0,500.0,0.027663816266,619.376969693,6
27,0.0,500.0,0.031615790046,707.859393934,7
28,0.0,500.0,0.0355677637721,796.341818176,8
29,0.0,500.0,0.0264300289639,884.826303023,9
30,0.0,1000.0,0.017027713419,88.4803636364,0
31,0.0,1000.0,0.0144208649817,176.963818181,1
32,0.0,1000.0,0.0183588705466,265.446242423,2
33,0.0,1000.0,0.0157520221796,353.929696967,3
34,0.0,1000.0,0.0131451737941,442.413151512,4
35,0.0,1000.0,0.0170831793526,530.895575754,5
36,0.0,1000.0,0.0144763309729,619.379030303,6
37,0.0,1000.0,0.0184143365859,707.861454549,7
38,0.0,1000.0,0.0158074881964,796.344909099,8
39,0.0,1000.0,0.0132006398075,884.828363648,9
40,0.0,2000.0,0.00720694033401,88.4819090907,0
41,0.0,2000.0,0.0078690269417,176.964848484,1
42,0.0,2000.0,0.00853111344186,265.447787877,2
43,0.0,2000.0,0.00919320001639,353.930727275,3
44,0.0,2000.0,0.00658285969112,442.414181824,4
45,0.0,2000.0,0.00724494629296,530.897121222,5
46,0.0,2000.0,0.00790703305625,619.38006062,6
47,0.0,2000.0,0.00856911977351,707.863000017,7
48,0.0,2000.0,0.0092312065337,796.345939415,8
49,0.0,2000.0,0.00662086638806,884.829393964,9
50,0.0,5000.0,0.00262456504036,88.4826303032,0
51,0.0,5000.0,0.00263118840173,176.965672724,1
52,0.0,5000.0,0.00263781157445,265.448715143,2
53,0.0,5000.0,0.00264443511123,353.931757561,3
54,0.0,5000.0,0.00265105845944,442.414799979,4
55,0.0,5000.0,0.00265768162047,530.897842397,5
56,0.0,5000.0,0.00266430500612,619.380884816,6
57,0.0,5000.0,0.00267092847825,707.863927234,7
58,0.0,5000.0,0.00267755176398,796.346969652,8
59,0.0,5000.0,0.00268417500048,884.830012071,9
60,1000.0,100.0,0.121563759681,88.4515151515,0
61,1000.0,100.0,0.112230316471,176.923636364,1
62,1000.0,100.0,0.102896873265,265.395757576,2
63,1000.0,100.0,0.0935634300601,353.867878788,3
64,1000.0,100.0,0.0842299868746,442.34,4
65,1000.0,100.0,0.0748965436752,530.812121212,5
66,1000.0,100.0,0.0655631004943,619.284242424,6
67,1000.0,100.0,0.0562296572847,707.756363636,7
68,1000.0,100.0,0.0468962140963,796.228484848,8
69,1000.0,100.0,0.0375627708959,884.70060606,9
70,1000.0,200.0,0.0557659317215,88.4618181818,0
71,1000.0,200.0,0.0460833090921,176.933939394,1
72,1000.0,200.0,0.0364006864485,265.406060606,2
73,1000.0,200.0,0.0267180637983,353.878181818,3
74,1000.0,200.0,0.0170354411317,442.35030303,4
75,1000.0,200.0,0.00735281845347,530.822424242,5
76,1000.0,200.0,0.00232980405145,619.294545454,6
77,1000.0,200.0,0.0120124268657,707.766666666,7
78,1000.0,200.0,0.021695049549,796.238787878,8
79,1000.0,200.0,0.0313776722548,884.71090909,9
80,1000.0,500.0,0.0163990237586,88.468,0
81,1000.0,500.0,0.00661863106641,176.940121212,1
82,1000.0,500.0,0.00316176162894,265.412242424,2
83,1000.0,500.0,0.0129421543667,353.884363636,3
84,1000.0,500.0,0.0227225471129,442.356484847,4
85,1000.0,500.0,0.0325029398705,530.828606058,5
86,1000.0,500.0,0.0422833326711,619.300727269,6
87,1000.0,500.0,0.0520637254432,707.77284848,7
88,1000.0,500.0,0.0618441182763,796.244969691,8
89,1000.0,500.0,0.0716245111277,884.717090902,9
90,1000.0,1000.0,0.00329534795828,88.4700606061,0
91,1000.0,1000.0,0.00649901186728,176.942181818,1
92,1000.0,1000.0,0.0162933716717,265.414303029,2
93,1000.0,1000.0,0.0260877314921,353.88642424,3
94,1000.0,1000.0,0.0358820913218,442.358545451,4
95,1000.0,1000.0,0.0456764512214,530.830666663,5
96,1000.0,1000.0,0.0554708111277,619.302787879,6
97,1000.0,1000.0,0.0652651710361,707.774909095,7
98,1000.0,1000.0,0.0685146769921,796.246000008,8
99,1000.0,1000.0,0.0783090369594,884.718121224,9
100,1000.0,2000.0,0.00325299770138,88.4710909089,0
101,1000.0,2000.0,0.0130508494168,176.94321212,1
102,1000.0,2000.0,0.0228487011119,265.415333332,2
103,1000.0,2000.0,0.029374125899,353.886939396,3
104,1000.0,2000.0,0.0391719776009,442.359060612,4
105,1000.0,2000.0,0.0489698293265,530.831181828,5
106,1000.0,2000.0,0.058767681043,619.303303044,6
107,1000.0,2000.0,0.0685655327881,707.77542426,7
108,1000.0,2000.0,0.0783633845374,796.247545476,8
109,1000.0,2000.0,0.0881612362926,884.719666692,9
110,1000.0,5000.0,0.00718088768517,88.4717090911,0
111,1000.0,5000.0,0.0156707461441,176.943624239,1
112,1000.0,5000.0,0.025469575417,265.415745446,2
113,1000.0,5000.0,0.0352684048162,353.887866652,3
114,1000.0,5000.0,0.0450672342018,442.359987858,4
115,1000.0,5000.0,0.0548660636382,530.832109064,5
116,1000.0,5000.0,0.0646648931207,619.30423027,6
117,1000.0,5000.0,0.0744637226166,707.776351476,7
118,1000.0,5000.0,0.0842625520851,796.248472683,8
119,1000.0,5000.0,0.0940613816761,884.720593889,9
120,2000.0,100.0,0.107844878347,88.4412121212,0
121,2000.0,100.0,0.15024118778,176.892727273,1
122,2000.0,100.0,0.127188863215,265.354545454,2
123,2000.0,100.0,0.1041365386,353.816363636,3
124,2000.0,100.0,0.0810842139544,442.278181818,4
125,2000.0,100.0,0.0580318892754,530.74,5
126,2000.0,100.0,0.0349795645557,619.201818181,6
127,2000.0,100.0,0.0119272397999,707.663636363,7
128,2000.0,100.0,0.0111250848939,796.125454545,8
129,2000.0,100.0,0.0341774096928,884.587272727,9
130,2000.0,200.0,0.0747713600435,88.4463636364,0
131,2000.0,200.0,0.0513698844726,176.908181818,1
132,2000.0,200.0,0.0279684089005,265.37,2
133,2000.0,200.0,0.00456693323676,353.831818182,3
134,2000.0,200.0,0.0188345423079,442.293636363,4
135,2000.0,200.0,0.0422360179436,530.755454545,5
136,2000.0,200.0,0.0656374935511,619.217272727,6
137,2000.0,200.0,0.0890389691432,707.679090909,7
138,2000.0,200.0,0.112440444705,796.14090909,8
139,2000.0,200.0,0.103117639013,884.597575757,9
140,2000.0,500.0,0.015769887246,88.4556363636,0
141,2000.0,500.0,0.00772935042006,176.917454546,1
142,2000.0,500.0,0.031228588215,265.379272727,2
143,2000.0,500.0,0.0416381174159,353.839030302,3
144,2000.0,500.0,0.0651373551038,442.300848483,4
145,2000.0,500.0,0.0886365928063,530.762666664,5
146,2000.0,500.0,0.0990461219997,619.222424238,6
147,2000.0,500.0,0.122545359661,707.684242419,7
148,2000.0,500.0,0.146044597329,796.1460606,8
149,2000.0,500.0,0.156454126525,884.605818175,9
150,2000.0,1000.0,0.00387864190014,88.4587272728,0
151,2000.0,1000.0,0.020846991579,176.919515151,1
152,2000.0,1000.0,0.044360195288,265.381333332,2
153,2000.0,1000.0,0.0613285450162,353.84212121,3
154,2000.0,1000.0,0.0782968947358,442.302909087,4
155,2000.0,1000.0,0.101810098416,530.764727269,5
156,2000.0,1000.0,0.118778448163,619.225515152,6
157,2000.0,1000.0,0.142291651907,707.687333337,7
158,2000.0,1000.0,0.159260001702,796.14812122,8
159,2000.0,1000.0,0.176228351481,884.608909103,9
160,2000.0,2000.0,0.0104269873948,88.4597575755,0
161,2000.0,2000.0,0.0306712556111,176.921060605,1
162,2000.0,2000.0,0.0509155238722,265.382363635,2
163,2000.0,2000.0,0.0711597921546,353.843666669,3
164,2000.0,2000.0,0.088131633561,442.304454551,4
165,2000.0,2000.0,0.108375901903,530.765757585,5
166,2000.0,2000.0,0.128620170309,619.22706062,6
167,2000.0,2000.0,0.148864438724,707.688363654,7
168,2000.0,2000.0,0.165836280144,796.149151536,8
169,2000.0,2000.0,0.186080548568,884.61045457,9
170,2000.0,5000.0,0.0156638482211,88.4605818183,0
171,2000.0,5000.0,0.0352546087614,176.921781815,1
172,2000.0,5000.0,0.054845369279,265.382981809,2
173,2000.0,5000.0,0.0744361297579,353.844181803,3
174,2000.0,5000.0,0.0940268901342,442.305381797,4
175,2000.0,5000.0,0.113617650532,530.766581791,5
176,2000.0,5000.0,0.133208410952,619.227781785,6
177,2000.0,5000.0,0.152799171361,707.68898178,7
178,2000.0,5000.0,0.171080961019,796.149975713,8
179,2000.0,5000.0,0.190671721524,884.611175707,9
180,3000.0,100.0,0.159588148416,88.4206060606,0
181,3000.0,100.0,0.122830459803,176.872121212,1
182,3000.0,100.0,0.0860727710689,265.323636364,2
183,3000.0,100.0,0.0493150822264,353.775151515,3
184,3000.0,100.0,0.0125573933111,442.226666666,4
185,3000.0,100.0,0.0242002955691,530.678181818,5
186,3000.0,100.0,0.0609579844516,619.129696969,6
187,3000.0,100.0,0.0977156732124,707.581212121,7
188,3000.0,100.0,0.134473361832,796.032727272,8
189,3000.0,100.0,0.105782416315,884.473939393,9
190,3000.0,200.0,0.0610660244187,88.4360606061,0
191,3000.0,200.0,0.0239592131615,176.887575757,1
192,3000.0,200.0,0.0131475981092,265.339090909,2
193,3000.0,200.0,0.0502544093936,353.79060606,3
194,3000.0,200.0,0.0546369393587,442.236969697,4
195,3000.0,200.0,0.0917437506475,530.688484848,5
196,3000.0,200.0,0.128850561945,619.14,6
197,3000.0,200.0,0.165957373236,707.591515151,7
198,3000.0,200.0,0.17033990321,796.037878787,8
199,3000.0,200.0,0.207446714491,884.489393939,9
200,3000.0,500.0,0.00206455972958,88.4453333333,0
201,3000.0,500.0,0.0220502973387,176.894787879,1
202,3000.0,500.0,0.0592548627186,265.34630303,2
203,3000.0,500.0,0.0833697196168,353.795757575,3
204,3000.0,500.0,0.12057428503,442.247272725,4
205,3000.0,500.0,0.144689141996,530.69672727,5
206,3000.0,500.0,0.168803998972,619.146181814,6
207,3000.0,500.0,0.206008564466,707.597696965,7
208,3000.0,500.0,0.230123421468,796.047151509,8
209,3000.0,500.0,0.254238278488,884.496606053,9
210,3000.0,1000.0,0.0110391144842,88.4473939395,0
211,3000.0,1000.0,0.0417127906856,176.897878787,1
212,3000.0,1000.0,0.072386466928,265.348363635,2
213,3000.0,1000.0,0.1030601432,353.798848482,3
214,3000.0,1000.0,0.127188965484,442.248303027,4
215,3000.0,1000.0,0.157862641746,530.698787875,5
216,3000.0,1000.0,0.188536318026,619.149272727,6
217,3000.0,1000.0,0.219209994267,707.59975758,7
218,3000.0,1000.0,0.243338816503,796.049212129,8
219,3000.0,1000.0,0.274012492658,884.499696981,9
220,3000.0,2000.0,0.0208598866963,88.4489393937,0
221,3000.0,2000.0,0.0515370542449,176.899424241,1
222,3000.0,2000.0,0.0789417947665,265.349393938,2
223,3000.0,2000.0,0.109618962173,353.79987879,3
224,3000.0,2000.0,0.137023702595,442.249848491,4
225,3000.0,2000.0,0.167700869934,530.700333343,5
226,3000.0,2000.0,0.195105610342,619.150303044,6
227,3000.0,2000.0,0.225782777741,707.600787896,7
228,3000.0,2000.0,0.25318751818,796.050757597,8
229,3000.0,2000.0,0.283864685483,884.501242449,9
230,3000.0,5000.0,0.0254422620226,88.4496606062,0
231,3000.0,5000.0,0.0548114364006,176.899939391,1
232,3000.0,5000.0,0.0841806107257,265.350218173,2
233,3000.0,5000.0,0.113549785088,353.800496955,3
234,3000.0,5000.0,0.142918959351,442.250775737,4
235,3000.0,5000.0,0.172288133487,530.701054519,5
236,3000.0,5000.0,0.200348336873,619.15112724,6
237,3000.0,5000.0,0.229717511007,707.601406022,7
238,3000.0,5000.0,0.259086685251,796.051684804,8
239,3000.0,5000.0,0.288455859489,884.501963586,9
240,4000.0,100.0,0.145896297578,88.4103030303,0
241,4000.0,100.0,0.0954467578743,176.851515151,1
242,4000.0,100.0,0.0449972179372,265.292727273,2
243,4000.0,100.0,0.00545232203942,353.733939394,3
244,4000.0,100.0,0.0559018619489,442.175151515,4
245,4000.0,100.0,0.106351401589,530.616363636,5
246,4000.0,100.0,0.0913523070316,619.047272727,6
247,4000.0,100.0,0.141801846869,707.488484848,7
248,4000.0,100.0,0.192251386873,795.929696969,8
249,4000.0,100.0,0.242700926871,884.37090909,9
250,4000.0,200.0,0.0473742018569,88.4257575757,0
251,4000.0,200.0,0.00342443202925,176.866969697,1
252,4000.0,200.0,0.0542230658161,265.308181818,2
253,4000.0,200.0,0.0722974183772,353.744242424,3
254,4000.0,200.0,0.123096052272,442.185454545,4
255,4000.0,200.0,0.141170404831,530.621515151,5
256,4000.0,200.0,0.191969038716,619.062727272,6
257,4000.0,200.0,0.24276767263,707.503939393,7
258,4000.0,200.0,0.260842025202,795.939999999,8
259,4000.0,200.0,0.311640659136,884.38121212,9
260,4000.0,500.0,0.0116272550566,88.435030303,0
261,4000.0,500.0,0.049433926547,176.874181818,1
262,4000.0,500.0,0.087240598059,265.313333334,2
263,4000.0,500.0,0.125047269542,353.752484848,3
264,4000.0,500.0,0.162853941021,442.191636362,4
265,4000.0,500.0,0.200660612507,530.630787876,5
266,4000.0,500.0,0.238467283999,619.06993939,6
267,4000.0,500.0,0.276273955501,707.509090904,7
268,4000.0,500.0,0.314080627012,795.948242418,8
269,4000.0,500.0,0.351887298517,884.387393932,9
270,4000.0,1000.0,0.0247309279612,88.4370909092,0
271,4000.0,1000.0,0.062551563788,176.876242424,1
272,4000.0,1000.0,0.100372199608,265.315393938,2
273,4000.0,1000.0,0.138192835459,353.754545452,3
274,4000.0,1000.0,0.176013471358,442.193696966,4
275,4000.0,1000.0,0.220378961255,530.633878784,5
276,4000.0,1000.0,0.25819959719,619.073030303,6
277,4000.0,1000.0,0.296020233131,707.512181822,7
278,4000.0,1000.0,0.333840869023,795.951333341,8
279,4000.0,1000.0,0.371661504909,884.39048486,9
280,4000.0,2000.0,0.0312792730301,88.4381212119,0
281,4000.0,2000.0,0.0691033999357,176.877272726,1
282,4000.0,2000.0,0.110199953862,265.316939392,2
283,4000.0,2000.0,0.148024080895,353.756090911,3
284,4000.0,2000.0,0.185848207954,442.19524243,4
285,4000.0,2000.0,0.223672335087,530.634393949,5
286,4000.0,2000.0,0.264768889113,619.07406062,6
287,4000.0,2000.0,0.302593016106,707.513212139,7
288,4000.0,2000.0,0.340417143103,795.952363657,8
289,4000.0,2000.0,0.38151369701,884.392030328,9
290,4000.0,5000.0,0.0352071628314,88.4387393941,0
291,4000.0,5000.0,0.07434123797,176.878096967,1
292,4000.0,5000.0,0.113475313033,265.317454536,2
293,4000.0,5000.0,0.152609388083,353.756812106,3
294,4000.0,5000.0,0.191743463066,442.196169676,4
295,4000.0,5000.0,0.229568567329,530.635321185,5
296,4000.0,5000.0,0.268702642366,619.074678755,6
297,4000.0,5000.0,0.30783671744,707.514036325,7
298,4000.0,5000.0,0.346970792452,795.953393895,8
299,4000.0,5000.0,0.386104867372,884.392751465,9
300,5000.0,100.0,0.13221795558,88.4,0
301,5000.0,100.0,0.0680900736056,176.830909091,1
302,5000.0,100.0,0.00396219139164,265.261818182,2
303,5000.0,100.0,0.0601656905459,353.692727273,3
304,5000.0,100.0,0.058844937942,442.113333333,4
305,5000.0,100.0,0.122972819809,530.544242424,5
306,5000.0,100.0,0.187100701949,618.975151515,6
307,5000.0,100.0,0.251228583961,707.406060606,7
308,5000.0,100.0,0.249907831385,795.826666666,8
309,5000.0,100.0,0.314035713134,884.257575757,9
310,5000.0,200.0,0.0336958881406,88.4154545454,0
311,5000.0,200.0,0.0307810594506,176.846363636,1
312,5000.0,200.0,0.0625337257042,265.272121212,2
313,5000.0,200.0,0.127010673293,353.703030303,3
314,5000.0,200.0,0.158763339521,442.128787878,4
315,5000.0,200.0,0.223240287085,530.559696969,5
316,5000.0,200.0,0.254992953262,618.985454545,6
317,5000.0,200.0,0.319469900798,707.416363636,7
318,5000.0,200.0,0.35122256698,795.842121211,8
319,5000.0,200.0,0.415699514529,884.273030302,9
320,5000.0,500.0,0.0122158523086,88.4226666667,0
321,5000.0,500.0,0.0637008295871,176.851515152,1
322,5000.0,500.0,0.115185806821,265.280363637,2
323,5000.0,500.0,0.166670784048,353.70921212,3
324,5000.0,500.0,0.205066052765,442.135999998,4
325,5000.0,500.0,0.25655102995,530.564848482,5
326,5000.0,500.0,0.308036007146,618.993696966,6
327,5000.0,500.0,0.35952098435,707.422545449,7
328,5000.0,500.0,0.411005961526,795.851393933,8
329,5000.0,500.0,0.449401230175,884.278181811,9
330,5000.0,1000.0,0.0318643786116,88.4257575758,0
331,5000.0,1000.0,0.0833633190461,176.85460606,1
332,5000.0,1000.0,0.128317405511,265.282424241,2
333,5000.0,1000.0,0.179816345942,353.711272725,3
334,5000.0,1000.0,0.224770432416,442.139090905,4
335,5000.0,1000.0,0.276269372886,530.56793939,5
336,5000.0,1000.0,0.32122345939,618.995757576,6
337,5000.0,1000.0,0.372722399872,707.424606065,7
338,5000.0,1000.0,0.424221340391,795.853454553,8
339,5000.0,1000.0,0.469175426972,884.281272739,9
340,5000.0,2000.0,0.0416851504211,88.4273030301,0
341,5000.0,2000.0,0.0899151547667,176.855636362,1
342,5000.0,2000.0,0.138145159093,265.283969695,2
343,5000.0,2000.0,0.186375163405,353.712303032,3
344,5000.0,2000.0,0.234605167706,442.140636369,4
345,5000.0,2000.0,0.28283517204,530.568969707,5
346,5000.0,2000.0,0.331065176385,618.997303044,6
347,5000.0,2000.0,0.379295180688,707.425636381,7
348,5000.0,2000.0,0.430797612002,795.85448487,8
349,5000.0,2000.0,0.479027616348,884.282818207,9
350,5000.0,5000.0,0.0449585548123,88.427818182,0
351,5000.0,5000.0,0.0938440220329,176.856254542,1
352,5000.0,5000.0,0.142729489175,265.2846909,2
353,5000.0,5000.0,0.191614956364,353.713127258,3
354,5000.0,5000.0,0.239191452774,442.141357555,4
355,5000.0,5000.0,0.288076920045,530.569793913,5
356,5000.0,5000.0,0.336962387246,618.99823027,6
357,5000.0,5000.0,0.385847854535,707.426666628,7
358,5000.0,5000.0,0.433424350989,795.854896925,8
359,5000.0,5000.0,0.482309818179,884.283333283,9
360,6000.0,100.0,0.1185531182,88.3896969697,0
361,6000.0,100.0,0.0407603985771,176.81030303,1
362,6000.0,100.0,0.0370323210532,265.230909091,2
363,6000.0,100.0,0.0493764058941,353.641212121,3
364,6000.0,100.0,0.127169125333,442.061818182,4
365,6000.0,100.0,0.204961845059,530.482424242,5
366,6000.0,100.0,0.28275456426,618.903030303,6
367,6000.0,100.0,0.295098649286,707.313333333,7
368,6000.0,100.0,0.372891368992,795.733939393,8
369,6000.0,100.0,0.450684088464,884.154545454,9
370,6000.0,200.0,0.020031079022,88.4051515151,0
371,6000.0,200.0,0.025386396329,176.820606061,1
372,6000.0,200.0,0.103528152993,265.241212121,2
373,6000.0,200.0,0.148945628295,353.656666666,3
374,6000.0,200.0,0.227087384948,442.077272727,4
375,6000.0,200.0,0.272504860287,530.492727272,5
376,6000.0,200.0,0.31792233559,618.908181818,6
377,6000.0,200.0,0.396064092251,707.328787878,7
378,6000.0,200.0,0.44148156754,795.744242424,8
379,6000.0,200.0,0.519623324161,884.164848484,9
380,6000.0,500.0,0.0258806534339,88.4123636364,0
381,6000.0,500.0,0.0910304318287,176.830909091,1
382,6000.0,500.0,0.143090501758,265.24739394,2
383,6000.0,500.0,0.208240280168,353.665939393,3
384,6000.0,500.0,0.260300350084,442.082424241,4
385,6000.0,500.0,0.31236042,530.498909088,5
386,6000.0,500.0,0.377510198409,618.917454541,6
387,6000.0,500.0,0.429570268278,707.333939389,7
388,6000.0,500.0,0.494720046644,795.752484842,8
389,6000.0,500.0,0.546780116481,884.16896969,9
390,6000.0,1000.0,0.0455291786173,88.4154545455,0
391,6000.0,1000.0,0.0976032111605,176.831939394,1
392,6000.0,1000.0,0.156222097632,265.249454544,2
393,6000.0,1000.0,0.214840984118,353.666969694,3
394,6000.0,1000.0,0.273459870621,442.084484845,4
395,6000.0,1000.0,0.332078757179,530.501999996,5
396,6000.0,1000.0,0.390697643737,618.919515152,6
397,6000.0,1000.0,0.449316530321,707.337030307,7
398,6000.0,1000.0,0.50793541688,795.754545462,8
399,6000.0,1000.0,0.566554303411,884.172060618,9
400,6000.0,2000.0,0.0488050962645,88.4159696968,0
401,6000.0,2000.0,0.107427473362,176.833484847,1
402,6000.0,2000.0,0.166049850433,265.250999998,2
403,6000.0,2000.0,0.224672227498,353.668515154,3
404,6000.0,2000.0,0.283294604609,442.086030309,4
405,6000.0,2000.0,0.341916981726,530.503545464,5
406,6000.0,2000.0,0.40053935882,618.92106062,6
407,6000.0,2000.0,0.459161735853,707.338575775,7
408,6000.0,2000.0,0.517784112834,795.75609093,8
409,6000.0,2000.0,0.57640648979,884.173606086,9
410,6000.0,5000.0,0.054696442205,88.4168969699,0
411,6000.0,5000.0,0.11331979667,176.834412118,1
412,6000.0,5000.0,0.171943151125,265.251927264,2
413,6000.0,5000.0,0.23056650551,353.669442409,3
414,6000.0,5000.0,0.287880888985,442.086751494,4
415,6000.0,5000.0,0.346504243272,530.50426664,5
416,6000.0,5000.0,0.405127597499,618.921781785,6
417,6000.0,5000.0,0.463750951767,707.339296931,7
418,6000.0,5000.0,0.521065335252,795.756606016,8
419,6000.0,5000.0,0.579688689533,884.174121162,9
420,7000.0,100.0,0.104901781207,88.3793939394,0
421,7000.0,100.0,0.0134577244167,176.78969697,1
422,7000.0,100.0,0.0779863319046,265.2,2
423,7000.0,100.0,0.103981753947,353.6,3
424,7000.0,100.0,0.195425810751,442.01030303,4
425,7000.0,100.0,0.221421232673,530.41030303,5
426,7000.0,100.0,0.312865289113,618.82060606,6
427,7000.0,100.0,0.404309345879,707.23090909,7
428,7000.0,100.0,0.430304767684,795.63090909,8
429,7000.0,100.0,0.52174882433,884.041212121,9
430,7000.0,200.0,0.00637977031738,88.3948484848,0
431,7000.0,200.0,0.0526890136756,176.8,1
432,7000.0,200.0,0.111757797731,265.205151515,2
433,7000.0,200.0,0.203550863116,353.615454545,3
434,7000.0,200.0,0.26261964715,442.02060606,4
435,7000.0,200.0,0.32168843117,530.425757575,5
436,7000.0,200.0,0.413481496506,618.836060606,6
437,7000.0,200.0,0.472550280543,707.241212121,7
438,7000.0,200.0,0.531619064509,795.646363636,8
439,7000.0,200.0,0.590687848476,884.051515151,9
440,7000.0,500.0,0.0395319541748,88.4020606061,0
441,7000.0,500.0,0.105243324817,176.808242424,1
442,7000.0,500.0,0.170954695466,265.214424243,2
443,7000.0,500.0,0.236666066101,353.62060606,3
444,7000.0,500.0,0.302377436696,442.026787877,4
445,7000.0,500.0,0.381178515768,530.4350303,5
446,7000.0,500.0,0.446889886334,618.841212117,6
447,7000.0,500.0,0.512601256886,707.247393934,7
448,7000.0,500.0,0.578312627469,795.653575751,8
449,7000.0,500.0,0.644023998007,884.059757569,9
450,7000.0,1000.0,0.0526356242563,88.4041212122,0
451,7000.0,1000.0,0.118360956387,176.81030303,1
452,7000.0,1000.0,0.190631142518,265.21751515,2
453,7000.0,1000.0,0.256356474734,353.623696967,3
454,7000.0,1000.0,0.322081806932,442.029878784,4
455,7000.0,1000.0,0.394351993095,530.437090905,5
456,7000.0,1000.0,0.460077325296,618.843272727,6
457,7000.0,1000.0,0.525802657509,707.249454549,7
458,7000.0,1000.0,0.598072843709,795.656666674,8
459,7000.0,1000.0,0.663798175903,884.062848496,9
460,7000.0,2000.0,0.0591839686026,88.4051515149,0
461,7000.0,2000.0,0.128185218002,176.811848484,1
462,7000.0,2000.0,0.197186467478,265.218545453,2
463,7000.0,2000.0,0.262915289993,353.624727275,3
464,7000.0,2000.0,0.331916539465,442.031424248,4
465,7000.0,2000.0,0.400917788882,530.438121222,5
466,7000.0,2000.0,0.466646611303,618.844303044,6
467,7000.0,2000.0,0.535647860673,707.251000017,7
468,7000.0,2000.0,0.604649110058,795.657696991,8
469,7000.0,2000.0,0.673650359485,884.064393964,9
470,7000.0,5000.0,0.0644208289755,88.4059757577,0
471,7000.0,5000.0,0.132768570293,176.812569694,1
472,7000.0,5000.0,0.201116311635,265.219163627,2
473,7000.0,5000.0,0.269464052981,353.625757561,3
474,7000.0,5000.0,0.336502823617,442.032145434,4
475,7000.0,5000.0,0.404850564968,530.438739367,5
476,7000.0,5000.0,0.473198306321,618.845333301,6
477,7000.0,5000.0,0.541546047603,707.251927234,7
478,7000.0,5000.0,0.608584818135,795.658315107,8
479,7000.0,5000.0,0.676932559498,884.06490904,9
480,8000.0,100.0,0.0912639403938,88.3690909091,0
481,8000.0,100.0,0.0138179573158,176.769090909,1
482,8000.0,100.0,0.0534512198948,265.158787879,2
483,8000.0,100.0,0.158533117468,353.558787879,3
484,8000.0,100.0,0.263615014632,441.958787879,4
485,8000.0,100.0,0.303248277564,530.348484848,5
486,8000.0,100.0,0.408330175152,618.748484848,6
487,8000.0,100.0,0.447963437734,707.138181818,7
488,8000.0,100.0,0.553045335409,795.538181818,8
489,8000.0,100.0,0.592678598111,883.927878787,9
490,8000.0,200.0,0.00725804215434,88.3845454545,0
491,8000.0,200.0,0.0799646386932,176.779393939,1
492,8000.0,200.0,0.152671235207,265.174242424,2
493,8000.0,200.0,0.225377831735,353.569090909,3
494,8000.0,200.0,0.298084428285,441.963939394,4
495,8000.0,200.0,0.403515306117,530.363939394,5
496,8000.0,200.0,0.476221902656,618.758787878,6
497,8000.0,200.0,0.548928499164,707.153636363,7
498,8000.0,200.0,0.621635095665,795.548484848,8
499,8000.0,200.0,0.694341692161,883.943333333,9
500,8000.0,500.0,0.0400800502442,88.3896969697,0
501,8000.0,500.0,0.119429225436,176.785575758,1
502,8000.0,500.0,0.198778400642,265.181454546,2
503,8000.0,500.0,0.278127575852,353.577333332,3
504,8000.0,500.0,0.357476751099,441.973212119,4
505,8000.0,500.0,0.436825926346,530.369090906,5
506,8000.0,500.0,0.516175101585,618.764969693,6
507,8000.0,500.0,0.595524276838,707.16084848,7
508,8000.0,500.0,0.661783743627,795.554666661,8
509,8000.0,500.0,0.741132918926,883.950545447,9
510,8000.0,1000.0,0.0597285736864,88.3927878789,0
511,8000.0,1000.0,0.139091709149,176.788666666,1
512,8000.0,1000.0,0.218454844608,265.184545453,2
513,8000.0,1000.0,0.29781798013,353.58042424,3
514,8000.0,1000.0,0.370636261671,441.975272724,4
515,8000.0,1000.0,0.449999397206,530.371151512,5
516,8000.0,1000.0,0.529362532764,618.767030303,6
517,8000.0,1000.0,0.608725668336,707.162909095,7
518,8000.0,1000.0,0.681543950001,795.557757584,8
519,8000.0,1000.0,0.760907085658,883.953636375,9
520,8000.0,2000.0,0.0695493448217,88.3943333331,0
521,8000.0,2000.0,0.148915970529,176.79021212,1
522,8000.0,2000.0,0.22501016937,265.185575756,2
523,8000.0,2000.0,0.304376795208,353.581454547,3
524,8000.0,2000.0,0.380470994129,441.976818188,4
525,8000.0,2000.0,0.459837619975,530.372696979,5
526,8000.0,2000.0,0.535931818787,618.76806062,6
527,8000.0,2000.0,0.615298444451,707.163939411,7
528,8000.0,2000.0,0.691392643164,795.559303051,8
529,8000.0,2000.0,0.77075926882,883.955181843,9
530,8000.0,5000.0,0.074131719765,88.3950545456,0
531,8000.0,5000.0,0.152190351853,176.79072727,1
532,8000.0,5000.0,0.230248983853,265.186399991,2
533,8000.0,5000.0,0.308307615871,353.582072712,3
534,8000.0,5000.0,0.385057277073,441.977539373,4
535,8000.0,5000.0,0.463115908951,530.373212094,5
536,8000.0,5000.0,0.54117454088,618.768884816,6
537,8000.0,5000.0,0.619233172729,707.164557537,7
538,8000.0,5000.0,0.69598283387,795.560024198,8
539,8000.0,5000.0,0.774041465694,883.955696919,9
540,9000.0,100.0,0.0776395915429,88.3587878788,0
541,9000.0,100.0,0.0410666549172,176.748484848,1
542,9000.0,100.0,0.0943242663739,265.127878788,2
543,9000.0,100.0,0.213030512885,353.517575757,3
544,9000.0,100.0,0.266288124288,441.896969697,4
545,9000.0,100.0,0.384994370821,530.286666666,5
546,9000.0,100.0,0.438251982187,618.666060606,6
547,9000.0,100.0,0.556958228742,707.055757575,7
548,9000.0,100.0,0.610215840137,795.435151515,8
549,9000.0,100.0,0.728922086678,883.824848484,9
550,9000.0,200.0,0.0208823627425,88.3742424242,0
551,9000.0,200.0,0.107213279819,176.758787879,1
552,9000.0,200.0,0.193544196909,265.143333333,2
553,9000.0,200.0,0.279875113997,353.527878788,3
554,9000.0,200.0,0.366206031104,441.912424242,4
555,9000.0,200.0,0.452536948224,530.296969697,5
556,9000.0,200.0,0.538867865353,618.681515151,6
557,9000.0,200.0,0.625198782466,707.066060605,7
558,9000.0,200.0,0.711529699575,795.45060606,8
559,9000.0,200.0,0.797860616687,883.835151514,9
560,9000.0,500.0,0.0537043628616,88.3793939394,0
561,9000.0,500.0,0.14667785072,176.764969697,1
562,9000.0,500.0,0.226561630071,265.148484849,2
563,9000.0,500.0,0.319535117936,353.534060605,3
564,9000.0,500.0,0.399418897292,441.917575756,4
565,9000.0,500.0,0.492392385133,530.303151512,5
566,9000.0,500.0,0.58536587299,618.688727269,6
567,9000.0,500.0,0.665249652366,707.072242419,7
568,9000.0,500.0,0.758223140211,795.457818176,8
569,9000.0,500.0,0.838106919495,883.841333326,9
570,9000.0,1000.0,0.0733528852592,88.3824848486,0
571,9000.0,1000.0,0.159795478404,176.767030303,1
572,9000.0,1000.0,0.246238071538,265.151575756,2
573,9000.0,1000.0,0.332680664626,353.53612121,3
574,9000.0,1000.0,0.419123257735,441.920666663,4
575,9000.0,1000.0,0.512110704805,530.306242421,5
576,9000.0,1000.0,0.598553297934,618.690787879,6
577,9000.0,1000.0,0.684995891075,707.075333337,7
578,9000.0,1000.0,0.771438484217,795.459878796,8
579,9000.0,1000.0,0.857881077352,883.844424254,9
580,9000.0,2000.0,0.0799012290544,88.3835151513,0
581,9000.0,2000.0,0.166347311979,176.768060605,1
582,9000.0,2000.0,0.256065821906,265.15312121,2
583,9000.0,2000.0,0.342511904869,353.537666669,3
584,9000.0,2000.0,0.428957987844,441.922212127,4
585,9000.0,2000.0,0.515404070801,530.306757585,5
586,9000.0,2000.0,0.605122580618,618.691818195,6
587,9000.0,2000.0,0.691568663457,707.076363654,7
588,9000.0,2000.0,0.778014746263,795.460909112,8
589,9000.0,2000.0,0.867733256074,883.845969722,9
590,9000.0,5000.0,0.0838291186571,88.3841333335,0
591,9000.0,5000.0,0.171585149662,176.768884845,1
592,9000.0,5000.0,0.259341180671,265.153636355,2
593,9000.0,5000.0,0.347097211667,353.538387864,3
594,9000.0,5000.0,0.433544271894,441.922933312,4
595,9000.0,5000.0,0.521300302835,530.307684822,5
596,9000.0,5000.0,0.609056333741,618.692436331,6
597,9000.0,5000.0,0.696812364624,707.07718784,7
598,9000.0,5000.0,0.784568395487,795.461939349,8
599,9000.0,5000.0,0.871015455634,883.846484798,9
600,10000.0,100.0,0.0640287304504,88.3484848485,0
601,10000.0,100.0,0.0682883768781,176.727878788,1
602,10000.0,100.0,0.135156849762,265.096969697,2
603,10000.0,100.0,0.202025322541,353.466060606,3
604,10000.0,100.0,0.334342429987,441.845454545,4
605,10000.0,100.0,0.40121090257,530.214545454,5
606,10000.0,100.0,0.533528010155,618.593939394,6
607,10000.0,100.0,0.600396482637,706.963030303,7
608,10000.0,100.0,0.732713590309,795.342424242,8
609,10000.0,100.0,0.799582062776,883.711515151,9
610,10000.0,200.0,0.034493195498,88.3639393939,0
611,10000.0,200.0,0.101710664072,176.733030303,1
612,10000.0,200.0,0.201652413933,265.107272727,2
613,10000.0,200.0,0.301594163801,353.481515151,3
614,10000.0,200.0,0.40153591368,441.855757575,4
615,10000.0,200.0,0.501477663559,530.23,5
616,10000.0,200.0,0.601419413444,618.604242424,6
617,10000.0,200.0,0.701361163321,706.978484848,7
618,10000.0,200.0,0.801302913193,795.352727272,8
619,10000.0,200.0,0.901244663058,883.726969696,9
620,10000.0,500.0,0.0673151877688,88.3690909091,0
621,10000.0,500.0,0.160809791961,176.74230303,1
622,10000.0,500.0,0.254304396195,265.115515152,2
623,10000.0,500.0,0.360888708946,353.490787878,3
624,10000.0,500.0,0.454383313205,441.863999998,4
625,10000.0,500.0,0.547877917464,530.237212118,5
626,10000.0,500.0,0.654462230238,618.612484844,6
627,10000.0,500.0,0.747956834482,706.985696965,7
628,10000.0,500.0,0.841451438708,795.358909085,8
629,10000.0,500.0,0.934946042925,883.732121205,9
630,10000.0,1000.0,0.0804188550228,88.3711515152,0
631,10000.0,1000.0,0.180472271869,176.745393939,1
632,10000.0,1000.0,0.273980834756,265.118606059,2
633,10000.0,1000.0,0.374034251564,353.492848482,3
634,10000.0,1000.0,0.467542814425,441.866060602,4
635,10000.0,1000.0,0.567596231169,530.240303027,5
636,10000.0,1000.0,0.667649647919,618.614545455,6
637,10000.0,1000.0,0.761158210703,706.98775758,7
638,10000.0,1000.0,0.861211627436,795.362000008,8
639,10000.0,1000.0,0.954720190174,883.735212133,9
640,10000.0,2000.0,0.0902396255865,88.3726969695,0
641,10000.0,2000.0,0.187024105069,176.746424241,1
642,10000.0,2000.0,0.283808584584,265.120151513,2
643,10000.0,2000.0,0.380593064125,353.49387879,3
644,10000.0,2000.0,0.477377543722,441.867606066,4
645,10000.0,2000.0,0.574162023319,530.241333343,5
646,10000.0,2000.0,0.670946502896,618.61506062,6
647,10000.0,2000.0,0.771003409395,706.989303048,7
648,10000.0,2000.0,0.867787888918,795.363030324,8
649,10000.0,2000.0,0.964572368419,883.736757601,9
650,10000.0,5000.0,0.093513029637,88.3732121214,0
651,10000.0,5000.0,0.190952971548,176.747042421,1
652,10000.0,5000.0,0.288392913364,265.120872718,2
653,10000.0,5000.0,0.385832855119,353.494703015,3
654,10000.0,5000.0,0.483272796838,441.868533312,4
655,10000.0,5000.0,0.579403767811,530.242157549,5
656,10000.0,5000.0,0.676843709612,618.615987846,6
657,10000.0,5000.0,0.774283651397,706.989818143,7
658,10000.0,5000.0,0.871723593257,795.36364844,8
659,10000.0,5000.0,0.969163535101,883.737478737,9
