,alpha,dtfact,dtheta,t,turn
0,0.0,100.0,0.130897202893,0.0206060606061,0
1,0.0,100.0,0.126498243198,88.503030303,1
2,0.0,100.0,0.187547917469,176.995757576,2
3,0.0,100.0,0.183148957774,265.478181818,3
4,0.0,100.0,0.178749998019,353.96060606,4
5,0.0,100.0,0.174351038213,442.443030303,5
6,0.0,100.0,0.16995207837,530.925454545,6
7,0.0,100.0,0.165553118488,619.407878787,7
8,0.0,100.0,0.161154158588,707.89030303,8
9,0.0,100.0,0.156755198677,796.372727272,9
10,0.0,100.0,0.152356238775,884.855151514,10
11,0.0,200.0,0.0654485543521,0.010303030303,0
12,0.0,200.0,0.0941230837293,88.4978787879,1
13,0.0,200.0,0.0900733318736,176.98030303,2
14,0.0,200.0,0.0860235800191,265.462727273,3
15,0.0,200.0,0.0819738281531,353.945151515,4
16,0.0,200.0,0.0779240762753,442.427575757,5
17,0.0,200.0,0.0738743244212,530.91,6
18,0.0,200.0,0.0698245725623,619.392424242,7
19,0.0,200.0,0.0657748207313,707.874848484,8
20,0.0,200.0,0.0944493501484,796.362424242,9
21,0.0,200.0,0.0903995983634,884.844848484,10
22,0.0,500.0,0.026179416465,0.00412121212121,0
23,0.0,500.0,0.0353171511075,88.4886060606,1
24,0.0,500.0,0.0313651772702,176.971030303,2
25,0.0,500.0,0.0274132033983,265.453454546,3
26,0.0,500.0,0.0365509380424,353.937939393,4
27,0.0,500.0,0.0325989641711,442.420363634,5
28,0.0,500.0,0.0286469902639,530.902787876,6
29,0.0,500.0,0.0377847249296,619.387272723,7
30,0.0,500.0,0.0338327510624,707.869696965,8
31,0.0,500.0,0.0298807771684,796.352121206,9
32,0.0,500.0,0.0259288032824,884.834545447,10
33,0.0,1000.0,0.0130897078617,0.00206060606061,0
34,0.0,1000.0,0.0156965562768,88.4855151516,1
35,0.0,1000.0,0.0183034047444,176.968969697,2
36,0.0,1000.0,0.0143653992168,265.451393938,3
37,0.0,1000.0,0.0169722476772,353.934848482,4
38,0.0,1000.0,0.0130342421793,442.417272724,5
39,0.0,1000.0,0.0156410907456,530.900727269,6
40,0.0,1000.0,0.0182479393013,619.384181818,7
41,0.0,1000.0,0.01430993391,707.866606065,8
42,0.0,1000.0,0.0169167825171,796.350060614,9
43,0.0,1000.0,0.012978777115,884.83248486,10
44,0.0,2000.0,0.00654485392019,0.0010303030303,0
45,0.0,2000.0,0.00915519428198,88.4844848483,1
46,0.0,2000.0,0.00849310778416,176.967424241,2
47,0.0,2000.0,0.0078310212344,265.450363635,3
48,0.0,2000.0,0.00716893466905,353.933303032,4
49,0.0,2000.0,0.00650684813928,442.41624243,5
50,0.0,2000.0,0.00911718854076,530.899696979,6
51,0.0,2000.0,0.00845510190426,619.382636377,7
52,0.0,2000.0,0.00779301519201,707.865575775,8
53,0.0,2000.0,0.0071309284339,796.348515173,9
54,0.0,2000.0,0.00646884172845,884.83145457,10
55,0.0,5000.0,0.00261794148892,0.000412121212121,0
56,0.0,5000.0,0.00261131816466,88.4834545456,1
57,0.0,5000.0,0.0026046949294,176.966496967,2
58,0.0,5000.0,0.00259807150325,265.449539385,3
59,0.0,5000.0,0.00259144802539,353.932581803,4
60,0.0,5000.0,0.00258482477742,442.415624222,5
61,0.0,5000.0,0.00257820147839,530.89866664,6
62,0.0,5000.0,0.00257157812791,619.381709058,7
63,0.0,5000.0,0.00256495472557,707.864751476,8
64,0.0,5000.0,0.00255833141343,796.347793895,9
65,0.0,5000.0,0.00255170847787,884.830836313,10
66,1000.0,100.0,0.13089720291,0.0206060606061,0
67,1000.0,100.0,0.140230646136,88.4927272727,1
68,1000.0,100.0,0.149564089355,176.964848485,2
69,1000.0,100.0,0.158897532579,265.436969697,3
70,1000.0,100.0,0.168230975814,353.909090909,4
71,1000.0,100.0,0.177564419061,442.381212121,5
72,1000.0,100.0,0.186897862297,530.853333333,6
73,1000.0,100.0,0.196231305524,619.325454545,7
74,1000.0,100.0,0.205564748755,707.797575757,8
75,1000.0,100.0,0.214898191994,796.269696969,9
76,1000.0,100.0,0.224231635224,884.741818181,10
77,1000.0,200.0,0.0654485543521,0.010303030303,0
78,1000.0,200.0,0.0751311769833,88.4824242424,1
79,1000.0,200.0,0.0848137996378,176.954545454,2
80,1000.0,200.0,0.094496422288,265.426666666,3
81,1000.0,200.0,0.104179044946,353.898787879,4
82,1000.0,200.0,0.1138616676,442.370909091,5
83,1000.0,200.0,0.123544290258,530.843030303,6
84,1000.0,200.0,0.133226912945,619.315151515,7
85,1000.0,200.0,0.142909535624,707.787272727,8
86,1000.0,200.0,0.152592158291,796.259393939,9
87,1000.0,200.0,0.162274780943,884.731515151,10
88,1000.0,500.0,0.026179416465,0.00412121212121,0
89,1000.0,500.0,0.0359598091706,88.4762424242,1
90,1000.0,500.0,0.04574020191,176.948363637,2
91,1000.0,500.0,0.0555205946649,265.420484849,3
92,1000.0,500.0,0.0653009874206,353.89260606,4
93,1000.0,500.0,0.0750813801731,442.364727271,5
94,1000.0,500.0,0.0848617729271,530.836848482,6
95,1000.0,500.0,0.0946421656806,619.308969693,7
96,1000.0,500.0,0.104422558455,707.781090904,8
97,1000.0,500.0,0.114202951219,796.253212115,9
98,1000.0,500.0,0.123983343971,884.725333326,10
99,1000.0,1000.0,0.0130897078617,0.00206060606061,0
100,1000.0,1000.0,0.0228840677181,88.4741818183,1
101,1000.0,1000.0,0.0326784276157,176.94630303,2
102,1000.0,1000.0,0.0424727875245,265.418424241,3
103,1000.0,1000.0,0.0522671474626,353.890545452,4
104,1000.0,1000.0,0.0620615073997,442.362666663,5
105,1000.0,1000.0,0.071855867356,530.834787875,6
106,1000.0,1000.0,0.0816502273226,619.306909091,7
107,1000.0,1000.0,0.0914445872735,707.779030307,8
108,1000.0,1000.0,0.101238947238,796.251151523,9
109,1000.0,1000.0,0.111033307205,884.723272739,10
110,1000.0,2000.0,0.00654485392019,0.0010303030303,0
111,1000.0,2000.0,0.0163427055118,88.4731515149,1
112,1000.0,2000.0,0.0261405570931,176.945272726,2
113,1000.0,2000.0,0.0359384086897,265.417393938,3
114,1000.0,2000.0,0.0457362602632,353.889515154,4
115,1000.0,2000.0,0.0555341117936,442.361636369,5
116,1000.0,2000.0,0.0653319633495,530.833757585,6
117,1000.0,2000.0,0.0751298148699,619.305878801,7
118,1000.0,2000.0,0.0849276663895,707.778000017,8
119,1000.0,2000.0,0.0947255179391,796.250121233,9
120,1000.0,2000.0,0.104523369481,884.722242449,10
121,1000.0,5000.0,0.00261794148892,0.000412121212121,0
122,1000.0,5000.0,0.0124167708916,88.4725333335,1
123,1000.0,5000.0,0.0222156003338,176.944654542,2
124,1000.0,5000.0,0.0320144297065,265.416775749,3
125,1000.0,5000.0,0.0418132591747,353.888896955,4
126,1000.0,5000.0,0.0516120886913,442.361018161,5
127,1000.0,5000.0,0.0614109181781,530.833139367,6
128,1000.0,5000.0,0.0712097476036,619.305260573,7
129,1000.0,5000.0,0.0810085769412,707.777381779,8
130,1000.0,5000.0,0.090807406283,796.249502986,9
131,1000.0,5000.0,0.100606235525,884.721624192,10
132,2000.0,100.0,0.130897202935,0.0206060606061,0
133,2000.0,100.0,0.153949527581,88.4824242424,1
134,2000.0,100.0,0.177001852252,176.944242424,2
135,2000.0,100.0,0.200054176955,265.406060606,3
136,2000.0,100.0,0.223106501685,353.867878788,4
137,2000.0,100.0,0.246158826438,442.329696969,5
138,2000.0,100.0,0.269211151202,530.791515151,6
139,2000.0,100.0,0.29226347596,619.253333333,7
140,2000.0,100.0,0.315315800711,707.715151515,8
141,2000.0,100.0,0.338368125455,796.176969696,9
142,2000.0,100.0,0.361420450191,884.638787878,10
143,2000.0,200.0,0.0654485543577,0.010303030303,0
144,2000.0,200.0,0.0888500299485,88.4721212121,1
145,2000.0,200.0,0.112251505562,176.933939394,2
146,2000.0,200.0,0.135652981198,265.395757576,3
147,2000.0,200.0,0.159054456831,353.857575757,4
148,2000.0,200.0,0.182455932464,442.319393939,5
149,2000.0,200.0,0.205857408078,530.781212121,6
150,2000.0,200.0,0.229258883675,619.243030303,7
151,2000.0,200.0,0.219936078017,707.699696969,8
152,2000.0,200.0,0.243337553638,796.161515151,9
153,2000.0,200.0,0.266739029302,884.623333333,10
154,2000.0,500.0,0.026179416465,0.00412121212121,0
155,2000.0,500.0,0.0496786541566,88.4659393939,1
156,2000.0,500.0,0.0731778918855,176.927757576,2
157,2000.0,500.0,0.0835874211416,265.387515152,3
158,2000.0,500.0,0.107086658886,353.849333332,4
159,2000.0,500.0,0.130585896623,442.311151513,5
160,2000.0,500.0,0.15408513435,530.772969694,6
161,2000.0,500.0,0.164494663565,619.232727269,7
162,2000.0,500.0,0.187993901301,707.694545449,8
163,2000.0,500.0,0.211493139021,796.15636363,9
164,2000.0,500.0,0.221902668225,884.616121205,10
165,2000.0,1000.0,0.0130897078617,0.00206060606061,0
166,2000.0,1000.0,0.0366029115472,88.463878788,1
167,2000.0,1000.0,0.0535712612505,176.924666666,2
168,2000.0,1000.0,0.0770844649189,265.386484847,3
169,2000.0,1000.0,0.0940528146465,353.847272725,4
170,2000.0,1000.0,0.111021164381,442.308060602,5
171,2000.0,1000.0,0.134534368088,530.769878784,6
172,2000.0,1000.0,0.151502717834,619.230666667,7
173,2000.0,1000.0,0.16847106755,707.691454549,8
174,2000.0,1000.0,0.191984271154,796.153272735,9
175,2000.0,1000.0,0.20895262081,884.614060618,10
176,2000.0,2000.0,0.00654485392019,0.0010303030303,0
177,2000.0,2000.0,0.0267891221247,88.4623333331,1
178,2000.0,2000.0,0.0470333903552,176.923636362,2
179,2000.0,2000.0,0.0672776585718,265.384939392,3
180,2000.0,2000.0,0.0842494998171,353.845727275,4
181,2000.0,2000.0,0.104493767999,442.307030309,5
182,2000.0,2000.0,0.12473803619,530.768333343,6
183,2000.0,2000.0,0.144982304367,619.229636377,7
184,2000.0,2000.0,0.161954145612,707.69042426,8
185,2000.0,2000.0,0.182198413751,796.151727294,9
186,2000.0,2000.0,0.202442681931,884.613030328,10
187,2000.0,5000.0,0.00261794148892,0.000412121212121,0
188,2000.0,5000.0,0.0222087019849,88.4616121214,1
189,2000.0,5000.0,0.0417994624294,176.922812118,2
190,2000.0,5000.0,0.06139022292,265.384012112,3
191,2000.0,5000.0,0.0809809833522,353.845212106,4
192,2000.0,5000.0,0.100571743736,442.3064121,5
193,2000.0,5000.0,0.120162504091,530.767612094,6
194,2000.0,5000.0,0.139753264299,619.228812088,7
195,2000.0,5000.0,0.158035053759,707.689806022,8
196,2000.0,5000.0,0.177625814033,796.151006016,9
197,2000.0,5000.0,0.197216574281,884.61220601,10
198,3000.0,100.0,0.130897202957,0.0206060606061,0
199,3000.0,100.0,0.167654891696,88.4721212121,1
200,3000.0,100.0,0.204412580545,176.923636364,2
201,3000.0,100.0,0.24117026947,265.375151515,3
202,3000.0,100.0,0.277927958416,353.826666666,4
203,3000.0,100.0,0.314685647352,442.278181818,5
204,3000.0,100.0,0.351443336211,530.729696969,6
205,3000.0,100.0,0.388201024943,619.181212121,7
206,3000.0,100.0,0.359510079488,707.622424242,8
207,3000.0,100.0,0.396267768142,796.073939393,9
208,3000.0,100.0,0.433025456922,884.525454545,10
209,3000.0,200.0,0.0654485543577,0.010303030303,0
210,3000.0,200.0,0.102555365634,88.4618181818,1
211,3000.0,200.0,0.139662176937,176.913333333,2
212,3000.0,200.0,0.176768988237,265.364848485,3
213,3000.0,200.0,0.181151518224,353.811212121,4
214,3000.0,200.0,0.218258329517,442.262727272,5
215,3000.0,200.0,0.255365140858,530.714242424,6
216,3000.0,200.0,0.292471952176,619.165757575,7
217,3000.0,200.0,0.296854482198,707.612121212,8
218,3000.0,200.0,0.333961293497,796.063636363,9
219,3000.0,200.0,0.371068104849,884.515151514,10
220,3000.0,500.0,0.026179416465,0.00412121212121,0
221,3000.0,500.0,0.063383981874,88.4556363636,1
222,3000.0,500.0,0.0874988387643,176.905090909,2
223,3000.0,500.0,0.124703404143,265.356606061,3
224,3000.0,500.0,0.148818260992,353.806060605,4
225,3000.0,500.0,0.172933117827,442.25551515,5
226,3000.0,500.0,0.210137683135,530.7070303,6
227,3000.0,500.0,0.234252539955,619.156484844,7
228,3000.0,500.0,0.258367396742,707.605939389,8
229,3000.0,500.0,0.295571962043,796.057454539,9
230,3000.0,500.0,0.319686818846,884.506909084,10
231,3000.0,1000.0,0.0130897078617,0.00206060606061,0
232,3000.0,1000.0,0.043763384149,88.4525454546,1
233,3000.0,1000.0,0.0744370604441,176.903030303,2
234,3000.0,1000.0,0.105110736714,265.35351515,3
235,3000.0,1000.0,0.129239558996,353.802969694,4
236,3000.0,1000.0,0.15991323525,442.253454542,5
237,3000.0,1000.0,0.19058691151,530.70393939,6
238,3000.0,1000.0,0.221260587727,619.154424243,7
239,3000.0,1000.0,0.251934263947,707.604909095,8
240,3000.0,1000.0,0.276063086202,796.054363644,9
241,3000.0,1000.0,0.306736762426,884.504848497,10
242,3000.0,2000.0,0.00654485392019,0.0010303030303,0
243,3000.0,2000.0,0.0372220214911,88.4515151513,1
244,3000.0,2000.0,0.0646267621963,176.901484847,2
245,3000.0,2000.0,0.0953039298598,265.351969695,3
246,3000.0,2000.0,0.125981097447,353.802454547,4
247,3000.0,2000.0,0.153385838091,442.252424248,5
248,3000.0,2000.0,0.184063005719,530.702909101,6
249,3000.0,2000.0,0.211467746421,619.152878801,7
250,3000.0,2000.0,0.242144914045,707.603363654,8
251,3000.0,2000.0,0.26954965472,796.053333354,9
252,3000.0,2000.0,0.300226822311,884.503818207,10
253,3000.0,5000.0,0.00261794148892,0.000412121212121,0
254,3000.0,5000.0,0.0319871158752,88.4506909092,1
255,3000.0,5000.0,0.0613562902991,176.900969694,2
256,3000.0,5000.0,0.0907254646524,265.351248476,3
257,3000.0,5000.0,0.120094639008,353.801527258,4
258,3000.0,5000.0,0.149463813325,442.25180604,5
259,3000.0,5000.0,0.177524016899,530.701878761,6
260,3000.0,5000.0,0.206893191171,619.152157543,7
261,3000.0,5000.0,0.236262365369,707.602436325,8
262,3000.0,5000.0,0.265631539578,796.052715107,9
263,3000.0,5000.0,0.29500071373,884.502993889,10
264,4000.0,100.0,0.130897202982,0.0206060606061,0
265,4000.0,100.0,0.181346742734,88.4618181818,1
266,4000.0,100.0,0.231796282708,176.903030303,2
267,4000.0,100.0,0.282245822725,265.344242424,3
268,4000.0,100.0,0.332695362626,353.785454545,4
269,4000.0,100.0,0.383144902253,442.226666666,5
270,4000.0,100.0,0.368145807769,530.657575757,6
271,4000.0,100.0,0.418595347658,619.098787878,7
272,4000.0,100.0,0.469044887686,707.539999999,8
273,4000.0,100.0,0.519494427694,795.981212121,9
274,4000.0,100.0,0.569943967522,884.422424242,10
275,4000.0,200.0,0.0654485543577,0.010303030303,0
276,4000.0,200.0,0.116247188203,88.4515151515,1
277,4000.0,200.0,0.167045822051,176.892727273,2
278,4000.0,200.0,0.185120174552,265.328787879,3
279,4000.0,200.0,0.235918808411,353.77,4
280,4000.0,200.0,0.286717442254,442.211212121,5
281,4000.0,200.0,0.304791794777,530.647272727,6
282,4000.0,200.0,0.355590428661,619.088484848,7
283,4000.0,200.0,0.373664781191,707.524545454,8
284,4000.0,200.0,0.424463414983,795.965757575,9
285,4000.0,200.0,0.475262048841,884.406969696,10
286,4000.0,500.0,0.026179416465,0.00412121212121,0
287,4000.0,500.0,0.0639860879775,88.4432727273,1
288,4000.0,500.0,0.114882467985,176.884484849,2
289,4000.0,500.0,0.152689139459,265.323636364,3
290,4000.0,500.0,0.190495810949,353.762787878,4
291,4000.0,500.0,0.228302482433,442.201939392,5
292,4000.0,500.0,0.26610915391,530.641090906,6
293,4000.0,500.0,0.303915825393,619.08024242,7
294,4000.0,500.0,0.341722496892,707.519393934,8
295,4000.0,500.0,0.379529168333,795.958545448,9
296,4000.0,500.0,0.417335839795,884.397696962,10
297,4000.0,1000.0,0.0130897078617,0.00206060606061,0
298,4000.0,1000.0,0.0574551976355,88.4422424243,1
299,4000.0,1000.0,0.0952758334413,176.881393939,2
300,4000.0,1000.0,0.133096469219,265.320545453,3
301,4000.0,1000.0,0.170917105032,353.759696967,4
302,4000.0,1000.0,0.208737740828,442.198848481,5
303,4000.0,1000.0,0.246558376581,530.637999996,6
304,4000.0,1000.0,0.290923866328,619.078181818,7
305,4000.0,1000.0,0.3287445021,707.517333337,8
306,4000.0,1000.0,0.366565137835,795.956484856,9
307,4000.0,1000.0,0.404385773575,884.395636375,10
308,4000.0,2000.0,0.00654485392019,0.0010303030303,0
309,4000.0,2000.0,0.0476414076465,88.4406969695,1
310,4000.0,2000.0,0.0854655344878,176.879848484,2
311,4000.0,2000.0,0.123289661271,265.318999998,3
312,4000.0,2000.0,0.16438621501,353.758666669,4
313,4000.0,2000.0,0.202210341759,442.197818188,5
314,4000.0,2000.0,0.240034468502,530.636969707,6
315,4000.0,2000.0,0.281131022191,619.076636377,7
316,4000.0,2000.0,0.318955148918,707.515787896,8
317,4000.0,2000.0,0.356779275635,795.954939415,9
318,4000.0,2000.0,0.397875829315,884.394606086,10
319,4000.0,5000.0,0.00261794148892,0.000412121212121,0
320,4000.0,5000.0,0.0417520166853,88.4397696971,1
321,4000.0,5000.0,0.0808860918621,176.87912727,2
322,4000.0,5000.0,0.120020167077,265.318484839,3
323,4000.0,5000.0,0.159154242287,353.757842409,4
324,4000.0,5000.0,0.196979346704,442.196993919,5
325,4000.0,5000.0,0.236113421837,530.636351488,6
326,4000.0,5000.0,0.275247496972,619.075709058,7
327,4000.0,5000.0,0.314381572037,707.515066628,8
328,4000.0,5000.0,0.353515647156,795.954424198,9
329,4000.0,5000.0,0.391340751462,884.393575707,10
330,5000.0,100.0,0.130897203004,0.0206060606061,0
331,5000.0,100.0,0.195025084914,88.4515151515,1
332,5000.0,100.0,0.259152967103,176.882424242,2
333,5000.0,100.0,0.323280849171,265.313333333,3
334,5000.0,100.0,0.32196009665,353.733939394,4
335,5000.0,100.0,0.38608797849,442.164848485,5
336,5000.0,100.0,0.450215860666,530.595757575,6
337,5000.0,100.0,0.514343742796,619.026666666,7
338,5000.0,100.0,0.513022990377,707.447272727,8
339,5000.0,100.0,0.577150872112,795.878181818,9
340,5000.0,100.0,0.641278754289,884.309090908,10
341,5000.0,200.0,0.0654485543688,0.010303030303,0
342,5000.0,200.0,0.129925501938,88.4412121212,1
343,5000.0,200.0,0.161678168181,176.866969697,2
344,5000.0,200.0,0.22615511572,265.297878788,3
345,5000.0,200.0,0.257907781969,353.723636363,4
346,5000.0,200.0,0.322384729518,442.154545454,5
347,5000.0,200.0,0.354137395792,530.58030303,6
348,5000.0,200.0,0.418614343335,619.011212121,7
349,5000.0,200.0,0.483091290892,707.442121212,8
350,5000.0,200.0,0.514843957198,795.867878787,9
351,5000.0,200.0,0.579320904783,884.298787878,10
352,5000.0,500.0,0.026179416465,0.00412121212121,0
353,5000.0,500.0,0.0776643937356,88.432969697,1
354,5000.0,500.0,0.12914937098,176.861818182,2
355,5000.0,500.0,0.180634348239,265.290666667,3
356,5000.0,500.0,0.232119325503,353.719515151,4
357,5000.0,500.0,0.270514594273,442.146303028,5
358,5000.0,500.0,0.321999571525,530.575151512,6
359,5000.0,500.0,0.373484548782,619.003999996,7
360,5000.0,500.0,0.424969526045,707.43284848,8
361,5000.0,500.0,0.463364794799,795.859636357,9
362,5000.0,500.0,0.514849772053,884.288484841,10
363,5000.0,1000.0,0.0130897078617,0.00206060606061,0
364,5000.0,1000.0,0.0645886483171,88.430909091,1
365,5000.0,1000.0,0.116087588787,176.859757575,2
366,5000.0,1000.0,0.161041675327,265.287575756,3
367,5000.0,1000.0,0.212540615835,353.71642424,4
368,5000.0,1000.0,0.25749470232,442.144242421,5
369,5000.0,1000.0,0.308993642718,530.573090905,6
370,5000.0,1000.0,0.353947729128,619.000909091,7
371,5000.0,1000.0,0.405446669535,707.42975758,8
372,5000.0,1000.0,0.450400756022,795.857575765,9
373,5000.0,1000.0,0.501899696495,884.286424254,10
374,5000.0,2000.0,0.00654485392019,0.0010303030303,0
375,5000.0,2000.0,0.0580472851207,88.4298787877,1
376,5000.0,2000.0,0.10627728947,176.85821212,2
377,5000.0,2000.0,0.154507293873,265.286545453,3
378,5000.0,2000.0,0.202737298316,353.71487879,4
379,5000.0,2000.0,0.250967302759,442.143212127,5
380,5000.0,2000.0,0.299197307228,530.571545464,6
381,5000.0,2000.0,0.347427311655,618.999878801,7
382,5000.0,2000.0,0.395657316086,707.428212139,8
383,5000.0,2000.0,0.443887320527,795.856545476,9
384,5000.0,2000.0,0.492117325043,884.284878813,10
385,5000.0,5000.0,0.00261794148892,0.000412121212121,0
386,5000.0,5000.0,0.0515034086314,88.428848485,1
387,5000.0,5000.0,0.100388875774,176.857284845,2
388,5000.0,5000.0,0.14927434285,265.285721203,3
389,5000.0,5000.0,0.196850839105,353.7139515,4
390,5000.0,5000.0,0.245736306153,442.142387858,5
391,5000.0,5000.0,0.294621773222,530.570824216,6
392,5000.0,5000.0,0.34350724039,618.999260573,7
393,5000.0,5000.0,0.392392707534,707.427696931,8
394,5000.0,5000.0,0.439969203881,795.855927228,9
395,5000.0,5000.0,0.488854671028,884.284363586,10
396,6000.0,100.0,0.130897203029,0.0206060606061,0
397,6000.0,100.0,0.208689922462,88.4412121212,1
398,6000.0,100.0,0.286482642176,176.861818182,2
399,6000.0,100.0,0.364275361362,265.282424242,3
400,6000.0,100.0,0.376619446361,353.692727273,4
401,6000.0,100.0,0.454412166052,442.113333333,5
402,6000.0,100.0,0.532204885492,530.533939394,6
403,6000.0,100.0,0.544548970282,618.944242424,7
404,6000.0,100.0,0.622341689864,707.364848484,8
405,6000.0,100.0,0.700134409481,795.785454545,9
406,6000.0,100.0,0.712478494308,884.195757575,10
407,6000.0,200.0,0.0654485543744,0.010303030303,0
408,6000.0,200.0,0.143590311043,88.4309090909,1
409,6000.0,200.0,0.189007786347,176.846363636,2
410,6000.0,200.0,0.267149543013,265.266969697,3
411,6000.0,200.0,0.312567018371,353.682424242,4
412,6000.0,200.0,0.357984493687,442.097878788,5
413,6000.0,200.0,0.43612625033,530.518484848,6
414,6000.0,200.0,0.481543725635,618.933939393,7
415,6000.0,200.0,0.559685482288,707.354545454,8
416,6000.0,200.0,0.60510295764,795.769999999,9
417,6000.0,200.0,0.650520432951,884.185454545,10
418,6000.0,500.0,0.026179416465,0.00412121212121,0
419,6000.0,500.0,0.0913291948536,88.4226666667,1
420,6000.0,500.0,0.143389264727,176.839151515,2
421,6000.0,500.0,0.208539043074,265.25769697,3
422,6000.0,500.0,0.260599112936,353.674181817,4
423,6000.0,500.0,0.325748891259,442.092727271,5
424,6000.0,500.0,0.377808961095,530.509212118,6
425,6000.0,500.0,0.442958739417,618.927757572,7
426,6000.0,500.0,0.495018809222,707.344242419,8
427,6000.0,500.0,0.560168587551,795.762787873,9
428,6000.0,500.0,0.612228657376,884.17927272,10
429,6000.0,1000.0,0.0130897078617,0.00206060606061,0
430,6000.0,1000.0,0.0717085943519,88.4195757577,1
431,6000.0,1000.0,0.130327480883,176.837090909,2
432,6000.0,1000.0,0.188946367413,265.254606059,3
433,6000.0,1000.0,0.247565253859,353.67212121,4
434,6000.0,1000.0,0.306184140295,442.08963636,5
435,6000.0,1000.0,0.364803026741,530.507151512,6
436,6000.0,1000.0,0.423421913222,618.924666667,7
437,6000.0,1000.0,0.482040799755,707.342181822,8
438,6000.0,1000.0,0.540659686308,795.759696978,9
439,6000.0,1000.0,0.599278572865,884.177212133,10
440,6000.0,2000.0,0.00654485392019,0.0010303030303,0
441,6000.0,2000.0,0.065167230952,88.4185454543,1
442,6000.0,2000.0,0.123789608022,176.836060605,2
443,6000.0,2000.0,0.182411985061,265.253575756,3
444,6000.0,2000.0,0.241034362082,353.671090911,4
445,6000.0,2000.0,0.299656739205,442.088606066,5
446,6000.0,2000.0,0.358279116376,530.506121222,6
447,6000.0,2000.0,0.416901493552,618.923636377,7
448,6000.0,2000.0,0.475523870691,707.341151532,8
449,6000.0,2000.0,0.534146247877,795.758666688,9
450,6000.0,2000.0,0.589496198084,884.175666692,10
451,6000.0,5000.0,0.00261794148892,0.000412121212121,0
452,6000.0,5000.0,0.0612412959219,88.4179272729,1
453,6000.0,5000.0,0.11986465028,176.835442421,2
454,6000.0,5000.0,0.178488004616,265.252957567,3
455,6000.0,5000.0,0.235802388118,353.670266652,4
456,6000.0,5000.0,0.294425742437,442.087781797,5
457,6000.0,5000.0,0.353049096845,530.505296943,6
458,6000.0,5000.0,0.411672451192,618.922812088,7
459,6000.0,5000.0,0.468986834849,707.340121173,8
460,6000.0,5000.0,0.527610189241,795.757636319,9
461,6000.0,5000.0,0.58623354367,884.175151465,10
462,7000.0,100.0,0.130897203052,0.0206060606061,0
463,7000.0,100.0,0.222341259595,88.4309090909,1
464,7000.0,100.0,0.313785316316,176.841212121,2
465,7000.0,100.0,0.339780738093,265.241212121,3
466,7000.0,100.0,0.431224794777,353.651515151,4
467,7000.0,100.0,0.522668851345,442.061818182,5
468,7000.0,100.0,0.54866427317,530.461818181,6
469,7000.0,100.0,0.64010832996,618.872121212,7
470,7000.0,100.0,0.731552386339,707.282424242,8
471,7000.0,100.0,0.757547808328,795.682424242,9
472,7000.0,100.0,0.848991865137,884.092727272,10
473,7000.0,200.0,0.0654485543744,0.010303030303,0
474,7000.0,200.0,0.157241619723,88.4206060606,1
475,7000.0,200.0,0.216310403737,176.825757576,2
476,7000.0,200.0,0.275379187729,265.230909091,3
477,7000.0,200.0,0.334447971788,353.636060606,4
478,7000.0,200.0,0.426241037098,442.046363636,5
479,7000.0,200.0,0.485309821073,530.451515151,6
480,7000.0,200.0,0.544378605072,618.856666666,7
481,7000.0,200.0,0.636171670381,707.266969696,8
482,7000.0,200.0,0.695240454363,795.672121211,9
483,7000.0,200.0,0.7543092383,884.077272727,10
484,7000.0,500.0,0.026179416465,0.00412121212121,0
485,7000.0,500.0,0.104980495646,88.4123636364,1
486,7000.0,500.0,0.170691866334,176.818545455,2
487,7000.0,500.0,0.23640323701,265.224727273,3
488,7000.0,500.0,0.302114607667,353.63090909,4
489,7000.0,500.0,0.367825978341,442.037090907,5
490,7000.0,500.0,0.433537348986,530.443272724,6
491,7000.0,500.0,0.512338428097,618.851515147,7
492,7000.0,500.0,0.57804979872,707.257696965,8
493,7000.0,500.0,0.643761169354,795.663878782,9
494,7000.0,500.0,0.709472539988,884.070060599,10
495,7000.0,1000.0,0.0130897078617,0.00206060606061,0
496,7000.0,1000.0,0.0853598939538,88.4092727274,1
497,7000.0,1000.0,0.151085226127,176.815454545,2
498,7000.0,1000.0,0.216810558328,265.221636362,3
499,7000.0,1000.0,0.289080744503,353.628848482,4
500,7000.0,1000.0,0.354806076617,442.035030299,5
501,7000.0,1000.0,0.427076262656,530.442242421,6
502,7000.0,1000.0,0.492801594666,618.848424243,7
503,7000.0,1000.0,0.558526926753,707.254606065,8
504,7000.0,1000.0,0.630797112807,795.66181819,9
505,7000.0,1000.0,0.69652244492,884.068000012,10
506,7000.0,2000.0,0.00654485392019,0.0010303030303,0
507,7000.0,2000.0,0.0755461032986,88.4077272725,1
508,7000.0,2000.0,0.144547352754,176.814424241,2
509,7000.0,2000.0,0.210276175275,265.220606059,3
510,7000.0,2000.0,0.279277424795,353.627303032,4
511,7000.0,2000.0,0.34827867424,442.034000006,5
512,7000.0,2000.0,0.417279923705,530.440696979,6
513,7000.0,2000.0,0.483008746204,618.846878801,7
514,7000.0,2000.0,0.552009995657,707.253575775,8
515,7000.0,2000.0,0.621011245129,795.660272748,9
516,7000.0,2000.0,0.686740067673,884.06645457,10
517,7000.0,5000.0,0.00261794148892,0.000412121212121,0
518,7000.0,5000.0,0.0709656828675,88.4070060608,1
519,7000.0,5000.0,0.139313424113,176.813599997,2
520,7000.0,5000.0,0.207661165307,265.22019393,3
521,7000.0,5000.0,0.274699935681,353.626581803,4
522,7000.0,5000.0,0.34304767679,442.033175737,5
523,7000.0,5000.0,0.41139541788,530.43976967,6
524,7000.0,5000.0,0.479743158931,618.846363604,7
525,7000.0,5000.0,0.546781929217,707.252751477,8
526,7000.0,5000.0,0.615129670246,795.65934541,9
527,7000.0,5000.0,0.683477411282,884.065939343,10
528,8000.0,100.0,0.130897203074,0.0206060606061,0
529,8000.0,100.0,0.235979100519,88.4206060606,1
530,8000.0,100.0,0.341060997895,176.820606061,2
531,8000.0,100.0,0.380694260643,265.21030303,3
532,8000.0,100.0,0.485776158316,353.61030303,4
533,8000.0,100.0,0.525409420895,442.0,5
534,8000.0,100.0,0.630491318543,530.4,6
535,8000.0,100.0,0.670124581424,618.789696969,7
536,8000.0,100.0,0.775206478705,707.189696969,8
537,8000.0,100.0,0.880288376263,795.589696969,9
538,8000.0,100.0,0.919921638905,883.979393939,10
539,8000.0,200.0,0.0654485543744,0.010303030303,0
540,8000.0,200.0,0.170879432208,88.4103030303,1
541,8000.0,200.0,0.243586028744,176.805151515,2
542,8000.0,200.0,0.316292625259,265.2,3
543,8000.0,200.0,0.388999221762,353.594848485,4
544,8000.0,200.0,0.461705818253,441.989696969,5
545,8000.0,200.0,0.534412414774,530.384545454,6
546,8000.0,200.0,0.607119011332,618.779393939,7
547,8000.0,200.0,0.71254988919,707.179393939,8
548,8000.0,200.0,0.785256485721,795.574242424,9
549,8000.0,200.0,0.857963082237,883.969090908,10
550,8000.0,500.0,0.026179416465,0.00412121212121,0
551,8000.0,500.0,0.105528591712,88.4,1
552,8000.0,500.0,0.184877766986,176.795878788,2
553,8000.0,500.0,0.264226942272,265.191757576,3
554,8000.0,500.0,0.343576117525,353.587636363,4
555,8000.0,500.0,0.422925292794,441.98351515,5
556,8000.0,500.0,0.502274468078,530.379393936,6
557,8000.0,500.0,0.581623643364,618.775272723,7
558,8000.0,500.0,0.647883110172,707.169090904,8
559,8000.0,500.0,0.727232285457,795.564969691,9
560,8000.0,500.0,0.806581460771,883.960848478,10
561,8000.0,1000.0,0.0130897078617,0.00206060606061,0
562,8000.0,1000.0,0.0924528434408,88.397939394,1
563,8000.0,1000.0,0.171815979009,176.793818181,2
564,8000.0,1000.0,0.251179114614,265.189696968,3
565,8000.0,1000.0,0.32399739627,353.584545452,4
566,8000.0,1000.0,0.403360531898,441.980424239,5
567,8000.0,1000.0,0.482723667517,530.376303027,6
568,8000.0,1000.0,0.562086803122,618.772181818,7
569,8000.0,1000.0,0.634905084787,707.167030307,8
570,8000.0,1000.0,0.714268220371,795.562909099,9
571,8000.0,1000.0,0.793631355918,883.95878789,10
572,8000.0,2000.0,0.00654485392019,0.0010303030303,0
573,8000.0,2000.0,0.0859114795331,88.3969090907,1
574,8000.0,2000.0,0.162005678246,176.792272726,2
575,8000.0,2000.0,0.241372303924,265.188151513,3
576,8000.0,2000.0,0.317466502679,353.583515154,4
577,8000.0,2000.0,0.396833128325,441.979393945,5
578,8000.0,2000.0,0.472927326967,530.374757585,6
579,8000.0,2000.0,0.552293952552,618.770636377,7
580,8000.0,2000.0,0.628388151166,707.166000017,8
581,8000.0,2000.0,0.707754776731,795.561878809,9
582,8000.0,2000.0,0.783848975318,883.957242449,10
583,8000.0,5000.0,0.00261794148892,0.000412121212121,0
584,8000.0,5000.0,0.080676573605,88.3960848486,1
585,8000.0,5000.0,0.158735205635,176.791757573,2
586,8000.0,5000.0,0.236793837672,265.187430294,3
587,8000.0,5000.0,0.313543498946,353.582896955,4
588,8000.0,5000.0,0.391602130973,441.978569676,5
589,8000.0,5000.0,0.469660763078,530.374242397,6
590,8000.0,5000.0,0.547719395181,618.769915119,7
591,8000.0,5000.0,0.624469056462,707.16538178,8
592,8000.0,5000.0,0.702527688491,795.561054501,9
593,8000.0,5000.0,0.780586320584,883.956727222,10
594,9000.0,100.0,0.130897203099,0.0206060606061,0
595,9000.0,100.0,0.249603449472,88.4103030303,1
596,9000.0,100.0,0.302861061132,176.78969697,2
597,9000.0,100.0,0.421567307389,265.179393939,3
598,9000.0,100.0,0.474824919189,353.558787879,4
599,9000.0,100.0,0.59353116531,441.948484848,5
600,9000.0,100.0,0.712237411526,530.338181818,6
601,9000.0,100.0,0.765495023244,618.717575757,7
602,9000.0,100.0,0.884201269597,707.107272727,8
603,9000.0,100.0,0.937458881215,795.486666666,9
604,9000.0,100.0,1.05616512768,883.876363636,10
605,9000.0,200.0,0.0654485543799,0.010303030303,0
606,9000.0,200.0,0.151779471468,88.3948484848,1
607,9000.0,200.0,0.238110388572,176.779393939,2
608,9000.0,200.0,0.357165586949,265.169090909,3
609,9000.0,200.0,0.44349650404,353.553636363,4
610,9000.0,200.0,0.529827421135,441.938181818,5
611,9000.0,200.0,0.616158338208,530.322727272,6
612,9000.0,200.0,0.702489255274,618.707272727,7
613,9000.0,200.0,0.788820172351,707.091818181,8
614,9000.0,200.0,0.875151089432,795.476363636,9
615,9000.0,200.0,0.961482006512,883.86090909,10
616,9000.0,500.0,0.026179416465,0.00412121212121,0
617,9000.0,500.0,0.119152904308,88.3896969697,1
618,9000.0,500.0,0.212126392128,176.775272727,2
619,9000.0,500.0,0.292010171455,265.158787879,3
620,9000.0,500.0,0.384983659276,353.544363636,4
621,9000.0,500.0,0.464867438601,441.927878786,5
622,9000.0,500.0,0.557840926456,530.313454542,6
623,9000.0,500.0,0.63772470581,618.696969693,7
624,9000.0,500.0,0.730698193685,707.082545449,8
625,9000.0,500.0,0.82367168155,795.468121206,9
626,9000.0,500.0,0.903555460921,883.851636356,10
627,9000.0,1000.0,0.0130897078617,0.00206060606061,0
628,9000.0,1000.0,0.106077154909,88.3876363637,1
629,9000.0,1000.0,0.192519748031,176.772181818,2
630,9000.0,1000.0,0.278962341166,265.156727271,3
631,9000.0,1000.0,0.36540493431,353.541272725,4
632,9000.0,1000.0,0.451847527494,441.925818178,5
633,9000.0,1000.0,0.53829012066,530.310363633,6
634,9000.0,1000.0,0.624732713828,618.694909091,7
635,9000.0,1000.0,0.717720161006,707.080484852,8
636,9000.0,1000.0,0.804162754214,795.465030311,9
637,9000.0,1000.0,0.89060534744,883.849575769,10
638,9000.0,2000.0,0.00654485392019,0.0010303030303,0
639,9000.0,2000.0,0.0962633638172,88.3860909089,1
640,9000.0,2000.0,0.182709446841,176.770636362,2
641,9000.0,2000.0,0.26915552985,265.155181816,3
642,9000.0,2000.0,0.358874039779,353.540242426,4
643,9000.0,2000.0,0.445320122813,441.924787885,5
644,9000.0,2000.0,0.531766205804,530.309333343,6
645,9000.0,2000.0,0.621484715705,618.694393953,7
646,9000.0,2000.0,0.70793079871,707.078939411,8
647,9000.0,2000.0,0.794376881755,795.46348487,9
648,9000.0,2000.0,0.880822964819,883.848030328,10
649,9000.0,5000.0,0.00261794148892,0.000412121212121,0
650,9000.0,5000.0,0.0903739723701,88.3851636365,1
651,9000.0,5000.0,0.178130003139,176.769915148,2
652,9000.0,5000.0,0.265886033907,265.154666658,3
653,9000.0,5000.0,0.352333093803,353.539212106,4
654,9000.0,5000.0,0.440089124449,441.923963616,5
655,9000.0,5000.0,0.527845155096,530.308715125,6
656,9000.0,5000.0,0.615601185612,618.693466634,7
657,9000.0,5000.0,0.70335721614,707.078218143,8
658,9000.0,5000.0,0.789804275882,795.462763592,9
659,9000.0,5000.0,0.877560306361,883.847515101,10
660,10000.0,100.0,0.130897203121,0.0206060606061,0
661,10000.0,100.0,0.263214310647,88.4,1
662,10000.0,100.0,0.330082783166,176.769090909,2
663,10000.0,100.0,0.462399890806,265.148484848,3
664,10000.0,100.0,0.529268363264,353.517575757,4
665,10000.0,100.0,0.661585470931,441.896969697,5
666,10000.0,100.0,0.728453943406,530.266060606,6
667,10000.0,100.0,0.860771051027,618.645454545,7
668,10000.0,100.0,0.927639523608,707.014545454,8
669,10000.0,100.0,1.05995663106,795.393939393,9
670,10000.0,100.0,1.1268251038,883.763030302,10
671,10000.0,200.0,0.0654485543799,0.010303030303,0
672,10000.0,200.0,0.165390304254,88.3845454545,1
673,10000.0,200.0,0.265332054141,176.758787879,2
674,10000.0,200.0,0.365273804028,265.133030303,3
675,10000.0,200.0,0.4652155539,353.507272727,4
676,10000.0,200.0,0.565157303771,441.881515151,5
677,10000.0,200.0,0.665099053637,530.255757575,6
678,10000.0,200.0,0.765040803508,618.63,7
679,10000.0,200.0,0.864982553379,707.004242424,8
680,10000.0,200.0,0.964924303237,795.378484848,9
681,10000.0,200.0,1.0648660531,883.752727272,10
682,10000.0,500.0,0.026179416465,0.00412121212121,0
683,10000.0,500.0,0.132763729188,88.3793939394,1
684,10000.0,500.0,0.226258333401,176.752606061,2
685,10000.0,500.0,0.319752937607,265.125818182,3
686,10000.0,500.0,0.426337250303,353.501090908,4
687,10000.0,500.0,0.519831854501,441.874303028,5
688,10000.0,500.0,0.6133264587,530.247515149,6
689,10000.0,500.0,0.706821062913,618.620727269,7
690,10000.0,500.0,0.813405375629,706.995999995,8
691,10000.0,500.0,0.906899979874,795.369212115,9
692,10000.0,500.0,1.00039458415,883.742424235,10
693,10000.0,1000.0,0.0130897078617,0.00206060606061,0
694,10000.0,1000.0,0.113143124682,88.3763030304,1
695,10000.0,1000.0,0.213196541512,176.750545454,2
696,10000.0,1000.0,0.306705104335,265.123757574,3
697,10000.0,1000.0,0.406758521113,353.497999997,4
698,10000.0,1000.0,0.500267083858,441.871212118,5
699,10000.0,1000.0,0.600320500486,530.245454542,6
700,10000.0,1000.0,0.693829063148,618.618666667,7
701,10000.0,1000.0,0.793882479769,706.992909095,8
702,10000.0,1000.0,0.887391042399,795.36612122,9
703,10000.0,1000.0,0.987444458996,883.740363648,10
704,10000.0,2000.0,0.00654485392019,0.0010303030303,0
705,10000.0,2000.0,0.106601760273,88.3752727271,1
706,10000.0,2000.0,0.20338623968,176.748999999,2
707,10000.0,2000.0,0.300170719051,265.122727271,3
708,10000.0,2000.0,0.396955198421,353.496454547,4
709,10000.0,2000.0,0.493739677756,441.870181824,5
710,10000.0,2000.0,0.590524157162,530.243909101,6
711,10000.0,2000.0,0.687308636576,618.617636377,7
712,10000.0,2000.0,0.78409311591,706.991363654,8
713,10000.0,2000.0,0.880877595185,795.36509093,9
714,10000.0,2000.0,0.980934501341,883.739333358,10
715,10000.0,5000.0,0.00261794148892,0.000412121212121,0
716,10000.0,5000.0,0.100057883535,88.3742424244,1
717,10000.0,5000.0,0.1974978255,176.748072724,2
718,10000.0,5000.0,0.294937767606,265.121903021,3
719,10000.0,5000.0,0.3923777098,353.495733318,4
720,10000.0,5000.0,0.488508681201,441.869357555,5
721,10000.0,5000.0,0.585948623415,530.243187852,6
722,10000.0,5000.0,0.683388565615,618.617018149,7
723,10000.0,5000.0,0.780828507892,706.990848446,8
724,10000.0,5000.0,0.878268450214,795.364678743,9
725,10000.0,5000.0,0.974399421745,883.73830298,10
